plot(geo_citi$lon, geo_citi$lat, xlab='Longitude', ylab='Latitude', type='n')
text(geo_citi$lon, geo_citi$lat, citi)
bos <- c(42.3601, 71.0589)
nyc <- c(40.7127, 74.0059)
dc <- c(38.9047, 77.0164)
mia <- c(25.7753, 80.2089)
chi <- c(41.8369, 87.6847)
sea <- c(47.6097, 122.3331)
sf <- c(37.7833, 122.4167)
la <- c(34.0500, 118.2500)
den <- c(39.7392, 104.9903)
geo_citi_ans <- data.frame(rbind(bos, nyc, dc, mia, chi, sea, sf, la, den))
names(geo_citi_ans) <- c('lat', 'lon')
plot(geo_citi_ans$lon, geo_citi_ans$lat, xlab='Longitude', ylab='Latitude', type='n')
text(geo_citi_ans$lon, geo_citi_ans$lat, citi)
distan <- mat.or.vec(nr=9, nc=9)
for (i in 1:9){
for (j in 1:9){
distan[i, j] <- sqrt(sum((as.vector(geo_citi[i, ]) - as.vector(geo_citi[j, ]))^2))
}
}
# import data
distances <- matrix(c(0, 206, 429, 1504, 963, 2976, 3095, 2979, 1949, 206, 0, 233, 1308, 802, 2815, 2934,
2786, 1771, 429, 233, 0, 1075, 671, 2684, 2799, 2631, 1616, 1504, 1308, 1075, 0,
1329, 3273, 3053, 2687, 2037, 963, 802, 671, 1329, 0, 2013, 2142, 2054, 996, 2976,
2815, 2684, 3273, 2013, 0, 808, 1131, 1307, 3095, 2934, 2799, 3053, 2142, 808, 0, 379,
1235, 2979, 2786, 2631, 2687, 2054, 1131, 379, 0, 1059, 1949, 1771, 1616, 2037, 996,
1307, 1235, 1059, 0), nrow=9, ncol=9, byrow=TRUE)
# initiative guess of lat/lon for all 9 cities
set.seed(10086)
X_old <- matrix(rep(0, 18), nrow=2, ncol=9)
X_new <- matrix(rep(1, 18), nrow=2, ncol=9)
# set steps
step <- 0.001
dis_pre <- rep(10, 9)
max(abs(X_old - X_new)) >= 0.001
X_old <- X_new
X_old
X_new
# compute derivatives for each city
com_vec <- (X_old[,i] - X_old[,-i])
com_vec
norm_ij <- sqrt(colSums(com_vec^2))
com_real <- 4 * (norm_ij - distances[i,-i]) / norm_ij
norm_ij
com_real
deri_vec_temp <- rowSums(sweep(com_vec, 2, com_real, '*'))
deri_vec_temp
X_old[,i] - step * deri_vec_temp
# import data
distances <- matrix(c(0, 206, 429, 1504, 963, 2976, 3095, 2979, 1949, 206, 0, 233, 1308, 802, 2815, 2934,
2786, 1771, 429, 233, 0, 1075, 671, 2684, 2799, 2631, 1616, 1504, 1308, 1075, 0,
1329, 3273, 3053, 2687, 2037, 963, 802, 671, 1329, 0, 2013, 2142, 2054, 996, 2976,
2815, 2684, 3273, 2013, 0, 808, 1131, 1307, 3095, 2934, 2799, 3053, 2142, 808, 0, 379,
1235, 2979, 2786, 2631, 2687, 2054, 1131, 379, 0, 1059, 1949, 1771, 1616, 2037, 996,
1307, 1235, 1059, 0), nrow=9, ncol=9, byrow=TRUE)
# initiative guess of lat/lon for all 9 cities
set.seed(10086)
X_old <- matrix(rep(1, 18), nrow=2, ncol=9)
X_new <- matrix(rep(2, 18), nrow=2, ncol=9)
# set steps
step <- 0.001
dis_pre <- rep(10, 9)
max(abs(X_old - X_new)) >= 0.001
X_old <- X_new
# compute derivatives for each city
com_vec <- (X_old[,i] - X_old[,-i])
norm_ij <- sqrt(colSums(com_vec^2))
com_real <- 4 * (norm_ij - distances[i,-i]) / norm_ij
deri_vec_temp <- rowSums(sweep(com_vec, 2, com_real, '*'))
deri_vec_temp
# import data
distances <- matrix(c(0, 206, 429, 1504, 963, 2976, 3095, 2979, 1949, 206, 0, 233, 1308, 802, 2815, 2934,
2786, 1771, 429, 233, 0, 1075, 671, 2684, 2799, 2631, 1616, 1504, 1308, 1075, 0,
1329, 3273, 3053, 2687, 2037, 963, 802, 671, 1329, 0, 2013, 2142, 2054, 996, 2976,
2815, 2684, 3273, 2013, 0, 808, 1131, 1307, 3095, 2934, 2799, 3053, 2142, 808, 0, 379,
1235, 2979, 2786, 2631, 2687, 2054, 1131, 379, 0, 1059, 1949, 1771, 1616, 2037, 996,
1307, 1235, 1059, 0), nrow=9, ncol=9, byrow=TRUE)
# initiative guess of lat/lon for all 9 cities
set.seed(10086)
X_old <- matrix(rep(1, 18), nrow=2, ncol=9)
X_new <- matrix(1:18, nrow=2, ncol=9)
# set steps
step <- 0.001
dis_pre <- rep(10, 9)
max(abs(X_old - X_new)) >= 0.001
X_old <- X_new
X_old
# compute derivatives for each city
com_vec <- (X_old[,i] - X_old[,-i])
norm_ij <- sqrt(colSums(com_vec^2))
com_real <- 4 * (norm_ij - distances[i,-i]) / norm_ij
deri_vec_temp <- rowSums(sweep(com_vec, 2, com_real, '*'))
deri_vec_temp
# update the guess
X_new[,i] <- X_old[,i] - step * deri_vec_temp
X_new
# import data
distances <- matrix(c(0, 206, 429, 1504, 963, 2976, 3095, 2979, 1949, 206, 0, 233, 1308, 802, 2815, 2934,
2786, 1771, 429, 233, 0, 1075, 671, 2684, 2799, 2631, 1616, 1504, 1308, 1075, 0,
1329, 3273, 3053, 2687, 2037, 963, 802, 671, 1329, 0, 2013, 2142, 2054, 996, 2976,
2815, 2684, 3273, 2013, 0, 808, 1131, 1307, 3095, 2934, 2799, 3053, 2142, 808, 0, 379,
1235, 2979, 2786, 2631, 2687, 2054, 1131, 379, 0, 1059, 1949, 1771, 1616, 2037, 996,
1307, 1235, 1059, 0), nrow=9, ncol=9, byrow=TRUE)
# initiative guess of lat/lon for all 9 cities
set.seed(10086)
X_old <- matrix(rep(0, 18), nrow=2, ncol=9)
X_new <- matrix(1:18, nrow=2, ncol=9)
X_new[,1] <- c(0, 0)
X_new
# set steps
step <- 0.001
dis_pre <- rep(10, 9)
dis_pre
max(abs(X_old - X_new)) >= 0.001
X_old <- X_new
X_old
X_new
i <- 2
# compute derivatives for each city
com_vec <- (X_old[,i] - X_old[,-i])
norm_ij <- sqrt(colSums(com_vec^2))
com_real <- 4 * (norm_ij - distances[i,-i]) / norm_ij
deri_vec_temp <- rowSums(sweep(com_vec, 2, com_real, '*'))
deri_vec_temp
deri_vec_temp <- 1
while(max(abs(deri_vec_temp)) >= 0.0001) {
# compute derivatives for each city
com_vec <- (X_old[,i] - X_old[,-i])
norm_ij <- sqrt(colSums(com_vec^2))
com_real <- 4 * (norm_ij - distances[i,-i]) / norm_ij
deri_vec_temp <- rowSums(sweep(com_vec, 2, com_real, '*'))
# update the guess
X_new[,i] <- X_old[,i] - step * deri_vec_temp
}
# import data
distances <- matrix(c(0, 206, 429, 1504, 963, 2976, 3095, 2979, 1949, 206, 0, 233, 1308, 802, 2815, 2934,
2786, 1771, 429, 233, 0, 1075, 671, 2684, 2799, 2631, 1616, 1504, 1308, 1075, 0,
1329, 3273, 3053, 2687, 2037, 963, 802, 671, 1329, 0, 2013, 2142, 2054, 996, 2976,
2815, 2684, 3273, 2013, 0, 808, 1131, 1307, 3095, 2934, 2799, 3053, 2142, 808, 0, 379,
1235, 2979, 2786, 2631, 2687, 2054, 1131, 379, 0, 1059, 1949, 1771, 1616, 2037, 996,
1307, 1235, 1059, 0), nrow=9, ncol=9, byrow=TRUE)
# initiative guess of lat/lon for all 9 cities
set.seed(10086)
X_old <- matrix(rep(0, 18), nrow=2, ncol=9)
X_new <- matrix(1:18, nrow=2, ncol=9)
X_new[,1] <- c(0, 0)
# set steps
step <- 0.001
X_old <- X_new
i
deri_vec_temp <- 1
while(max(abs(deri_vec_temp)) >= 0.001) {
# compute derivatives for each city
com_vec <- (X_old[,i] - X_old[,-i])
norm_ij <- sqrt(colSums(com_vec^2))
com_real <- 4 * (norm_ij - distances[i,-i]) / norm_ij
deri_vec_temp <- rowSums(sweep(com_vec, 2, com_real, '*'))
# update the guess
X_new[,i] <- X_old[,i] - step * deri_vec_temp
}
# import data
distances <- matrix(c(0, 206, 429, 1504, 963, 2976, 3095, 2979, 1949, 206, 0, 233, 1308, 802, 2815, 2934,
2786, 1771, 429, 233, 0, 1075, 671, 2684, 2799, 2631, 1616, 1504, 1308, 1075, 0,
1329, 3273, 3053, 2687, 2037, 963, 802, 671, 1329, 0, 2013, 2142, 2054, 996, 2976,
2815, 2684, 3273, 2013, 0, 808, 1131, 1307, 3095, 2934, 2799, 3053, 2142, 808, 0, 379,
1235, 2979, 2786, 2631, 2687, 2054, 1131, 379, 0, 1059, 1949, 1771, 1616, 2037, 996,
1307, 1235, 1059, 0), nrow=9, ncol=9, byrow=TRUE)
# initiative guess of lat/lon for all 9 cities
set.seed(10086)
X_old <- matrix(rep(0, 18), nrow=2, ncol=9)
X_new <- matrix(1:18, nrow=2, ncol=9)
X_new[,1] <- c(0, 0)
# set steps
step <- 0.001
X_old <- X_new
i
deri_vec_temp <- 1
while(max(abs(deri_vec_temp)) >= 0.001) {
# compute derivatives for each city
com_vec <- (X_old[,i] - X_old[,-i])
norm_ij <- sqrt(colSums(com_vec^2))
com_real <- 4 * (norm_ij - distances[i,-i]) / norm_ij
deri_vec_temp <- rowSums(sweep(com_vec, 2, com_real, '*'))
# update the guess
X_old[,i] <- X_old[,i] - step * deri_vec_temp
}
X_old
deri_vec_temp
X_new[,i] <- X_old[,i]
X_new
i <- 3
deri_vec_temp <- 1
while(max(abs(deri_vec_temp)) >= 0.001) {
# compute derivatives for each city
com_vec <- (X_old[,i] - X_old[,-i])
norm_ij <- sqrt(colSums(com_vec^2))
com_real <- 4 * (norm_ij - distances[i,-i]) / norm_ij
deri_vec_temp <- rowSums(sweep(com_vec, 2, com_real, '*'))
# update the guess
X_old[,i] <- X_old[,i] - step * deri_vec_temp
}
X_old
X_new[,i] <- X_old[,i]
i <- 5
i <- 4
deri_vec_temp <- 1
while(max(abs(deri_vec_temp)) >= 0.001) {
# compute derivatives for each city
com_vec <- (X_old[,i] - X_old[,-i])
norm_ij <- sqrt(colSums(com_vec^2))
com_real <- 4 * (norm_ij - distances[i,-i]) / norm_ij
deri_vec_temp <- rowSums(sweep(com_vec, 2, com_real, '*'))
# update the guess
X_old[,i] <- X_old[,i] - step * deri_vec_temp
}
X_old
X_new[,i] <- X_old[,i]
i <- 5
deri_vec_temp <- 1
while(max(abs(deri_vec_temp)) >= 0.001) {
# compute derivatives for each city
com_vec <- (X_old[,i] - X_old[,-i])
norm_ij <- sqrt(colSums(com_vec^2))
com_real <- 4 * (norm_ij - distances[i,-i]) / norm_ij
deri_vec_temp <- rowSums(sweep(com_vec, 2, com_real, '*'))
# update the guess
X_old[,i] <- X_old[,i] - step * deri_vec_temp
}
X_old
X_new[,i] <- X_old[,i]
i <- 6
deri_vec_temp <- 1
while(max(abs(deri_vec_temp)) >= 0.001) {
# compute derivatives for each city
com_vec <- (X_old[,i] - X_old[,-i])
norm_ij <- sqrt(colSums(com_vec^2))
com_real <- 4 * (norm_ij - distances[i,-i]) / norm_ij
deri_vec_temp <- rowSums(sweep(com_vec, 2, com_real, '*'))
# update the guess
X_old[,i] <- X_old[,i] - step * deri_vec_temp
}
X_new[,i] <- X_old[,i]
X_old
i <- 7
deri_vec_temp <- 1
while(max(abs(deri_vec_temp)) >= 0.001) {
# compute derivatives for each city
com_vec <- (X_old[,i] - X_old[,-i])
norm_ij <- sqrt(colSums(com_vec^2))
com_real <- 4 * (norm_ij - distances[i,-i]) / norm_ij
deri_vec_temp <- rowSums(sweep(com_vec, 2, com_real, '*'))
# update the guess
X_old[,i] <- X_old[,i] - step * deri_vec_temp
}
X_new[,i] <- X_old[,i]
i <- 8
deri_vec_temp <- 1
while(max(abs(deri_vec_temp)) >= 0.001) {
# compute derivatives for each city
com_vec <- (X_old[,i] - X_old[,-i])
norm_ij <- sqrt(colSums(com_vec^2))
com_real <- 4 * (norm_ij - distances[i,-i]) / norm_ij
deri_vec_temp <- rowSums(sweep(com_vec, 2, com_real, '*'))
# update the guess
X_old[,i] <- X_old[,i] - step * deri_vec_temp
}
X_new[,i] <- X_old[,i]
i <- 9
deri_vec_temp <- 1
while(max(abs(deri_vec_temp)) >= 0.001) {
# compute derivatives for each city
com_vec <- (X_old[,i] - X_old[,-i])
norm_ij <- sqrt(colSums(com_vec^2))
com_real <- 4 * (norm_ij - distances[i,-i]) / norm_ij
deri_vec_temp <- rowSums(sweep(com_vec, 2, com_real, '*'))
# update the guess
X_old[,i] <- X_old[,i] - step * deri_vec_temp
}
X_new[,i] <- X_old[,i]
X_old
X_old
X_new
# import data
distances <- matrix(c(0, 206, 429, 1504, 963, 2976, 3095, 2979, 1949, 206, 0, 233, 1308, 802, 2815, 2934,
2786, 1771, 429, 233, 0, 1075, 671, 2684, 2799, 2631, 1616, 1504, 1308, 1075, 0,
1329, 3273, 3053, 2687, 2037, 963, 802, 671, 1329, 0, 2013, 2142, 2054, 996, 2976,
2815, 2684, 3273, 2013, 0, 808, 1131, 1307, 3095, 2934, 2799, 3053, 2142, 808, 0, 379,
1235, 2979, 2786, 2631, 2687, 2054, 1131, 379, 0, 1059, 1949, 1771, 1616, 2037, 996,
1307, 1235, 1059, 0), nrow=9, ncol=9, byrow=TRUE)
# initiative guess of lat/lon for all 9 cities
set.seed(10086)
X_old <- matrix(rep(0, 18), nrow=2, ncol=9)
X_new <- matrix(1:18, nrow=2, ncol=9)
X_new[,1] <- c(0, 0)
# set steps
step <- 0.001
X_old <- X_new
X_old_copy <- X_old
i <- 2
deri_vec_temp <- 1
com_vec <- (X_old_copy[,i] - X_old_copy[,-i])
norm_ij <- sqrt(colSums(com_vec^2))
com_real <- 4 * (norm_ij - distances[i,-i]) / norm_ij
deri_vec_temp <- rowSums(sweep(com_vec, 2, com_real, '*'))
deri_vec_temp
X_old_copy[,i] <- X_old_copy[,i] - step * deri_vec_temp
X_old_copy
# update the guess
X_new[,i] <- X_old[,i]
for (i in 3:9){
deri_vec_temp <- 1
while(max(abs(deri_vec_temp)) >= 0.001) {
# compute derivatives for each city
com_vec <- (X_old_copy[,i] - X_old_copy[,-i])
norm_ij <- sqrt(colSums(com_vec^2))
com_real <- 4 * (norm_ij - distances[i,-i]) / norm_ij
deri_vec_temp <- rowSums(sweep(com_vec, 2, com_real, '*'))
X_old_copy[,i] <- X_old_copy[,i] - step * deri_vec_temp
}
# update the guess
X_new[,i] <- X_old[,i]
}
X_old
X_old_copy
X_new
# import data
distances <- matrix(c(0, 206, 429, 1504, 963, 2976, 3095, 2979, 1949, 206, 0, 233, 1308, 802, 2815, 2934,
2786, 1771, 429, 233, 0, 1075, 671, 2684, 2799, 2631, 1616, 1504, 1308, 1075, 0,
1329, 3273, 3053, 2687, 2037, 963, 802, 671, 1329, 0, 2013, 2142, 2054, 996, 2976,
2815, 2684, 3273, 2013, 0, 808, 1131, 1307, 3095, 2934, 2799, 3053, 2142, 808, 0, 379,
1235, 2979, 2786, 2631, 2687, 2054, 1131, 379, 0, 1059, 1949, 1771, 1616, 2037, 996,
1307, 1235, 1059, 0), nrow=9, ncol=9, byrow=TRUE)
# initiative guess of lat/lon for all 9 cities
set.seed(10086)
X_old <- matrix(rep(0, 18), nrow=2, ncol=9)
X_new <- matrix(1:18, nrow=2, ncol=9)
X_new[,1] <- c(0, 0)
# set steps
step <- 0.001
X_old <- X_new
X_old_copy <- X_old
for (i in 2:9){
deri_vec_temp <- 1
while(max(abs(deri_vec_temp)) >= 0.001) {
# compute derivatives for each city
com_vec <- (X_old_copy[,i] - X_old_copy[,-i])
norm_ij <- sqrt(colSums(com_vec^2))
com_real <- 4 * (norm_ij - distances[i,-i]) / norm_ij
deri_vec_temp <- rowSums(sweep(com_vec, 2, com_real, '*'))
X_old_copy[,i] <- X_old_copy[,i] - step * deri_vec_temp
}
# update the guess
X_new[,i] <- X_old_copy[,i]
}
X_new
X_old
max(abs(X_old - X_new)) >= 0.001
X_old <- X_new
X_old_copy <- X_old
# import data
distances <- matrix(c(0, 206, 429, 1504, 963, 2976, 3095, 2979, 1949, 206, 0, 233, 1308, 802, 2815, 2934,
2786, 1771, 429, 233, 0, 1075, 671, 2684, 2799, 2631, 1616, 1504, 1308, 1075, 0,
1329, 3273, 3053, 2687, 2037, 963, 802, 671, 1329, 0, 2013, 2142, 2054, 996, 2976,
2815, 2684, 3273, 2013, 0, 808, 1131, 1307, 3095, 2934, 2799, 3053, 2142, 808, 0, 379,
1235, 2979, 2786, 2631, 2687, 2054, 1131, 379, 0, 1059, 1949, 1771, 1616, 2037, 996,
1307, 1235, 1059, 0), nrow=9, ncol=9, byrow=TRUE)
# initiative guess of lat/lon for all 9 cities
set.seed(10086)
X_old <- matrix(rep(0, 18), nrow=2, ncol=9)
X_new <- matrix(1:18, nrow=2, ncol=9)
X_new[,1] <- c(0, 0)
# set steps
step <- 0.001
while (max(abs(X_old - X_new)) >= 0.001){
X_old <- X_new
X_old_copy <- X_old
for (i in 2:9){
deri_vec_temp <- 1
while(max(abs(deri_vec_temp)) >= 0.001) {
# compute derivatives for each city
com_vec <- (X_old_copy[,i] - X_old_copy[,-i])
norm_ij <- sqrt(colSums(com_vec^2))
com_real <- 4 * (norm_ij - distances[i,-i]) / norm_ij
deri_vec_temp <- rowSums(sweep(com_vec, 2, com_real, '*'))
X_old_copy[,i] <- X_old_copy[,i] - step * deri_vec_temp
}
# update the guess
X_new[,i] <- X_old_copy[,i]
}
}
geo_citi <- data.frame(t(X_new))
names(geo_citi) <- c('lat', 'lon')
geo_citi
citi <- c('BOS', 'NYC', 'DC', 'MIA', 'CHI', 'SEA', 'SF', 'LA', 'DEN')
plot(geo_citi$lon, geo_citi$lat, xlab='Longitude', ylab='Latitude', type='n')
text(geo_citi$lon, geo_citi$lat, citi)
X_new
X_old
# import data
distances <- matrix(c(0, 206, 429, 1504, 963, 2976, 3095, 2979, 1949, 206, 0, 233, 1308, 802, 2815, 2934,
2786, 1771, 429, 233, 0, 1075, 671, 2684, 2799, 2631, 1616, 1504, 1308, 1075, 0,
1329, 3273, 3053, 2687, 2037, 963, 802, 671, 1329, 0, 2013, 2142, 2054, 996, 2976,
2815, 2684, 3273, 2013, 0, 808, 1131, 1307, 3095, 2934, 2799, 3053, 2142, 808, 0, 379,
1235, 2979, 2786, 2631, 2687, 2054, 1131, 379, 0, 1059, 1949, 1771, 1616, 2037, 996,
1307, 1235, 1059, 0), nrow=9, ncol=9, byrow=TRUE)
# initiative guess of lat/lon for all 9 cities
X_old <- matrix(rep(0, 18), nrow=2, ncol=9)
X_new <- matrix(1:18, nrow=2, ncol=9)
X_new[,1] <- c(42.3601, 71.0589)
# set steps
step <- 0.001
while (max(abs(X_old - X_new)) >= 0.001){
X_old <- X_new
X_old_copy <- X_old
for (i in 2:9){
deri_vec_temp <- 1
while(max(abs(deri_vec_temp)) >= 0.001) {
# compute derivatives for each city
com_vec <- (X_old_copy[,i] - X_old_copy[,-i])
norm_ij <- sqrt(colSums(com_vec^2))
com_real <- 4 * (norm_ij - distances[i,-i]) / norm_ij
deri_vec_temp <- rowSums(sweep(com_vec, 2, com_real, '*'))
X_old_copy[,i] <- X_old_copy[,i] - step * deri_vec_temp
}
# update the guess
X_new[,i] <- X_old_copy[,i]
}
}
geo_citi <- data.frame(t(X_new))
names(geo_citi) <- c('lat', 'lon')
citi <- c('BOS', 'NYC', 'DC', 'MIA', 'CHI', 'SEA', 'SF', 'LA', 'DEN')
plot(geo_citi$lon, geo_citi$lat, xlab='Longitude', ylab='Latitude', type='n')
text(geo_citi$lon, geo_citi$lat, citi)
# import data
distances <- matrix(c(0, 206, 429, 1504, 963, 2976, 3095, 2979, 1949, 206, 0, 233, 1308, 802, 2815, 2934,
2786, 1771, 429, 233, 0, 1075, 671, 2684, 2799, 2631, 1616, 1504, 1308, 1075, 0,
1329, 3273, 3053, 2687, 2037, 963, 802, 671, 1329, 0, 2013, 2142, 2054, 996, 2976,
2815, 2684, 3273, 2013, 0, 808, 1131, 1307, 3095, 2934, 2799, 3053, 2142, 808, 0, 379,
1235, 2979, 2786, 2631, 2687, 2054, 1131, 379, 0, 1059, 1949, 1771, 1616, 2037, 996,
1307, 1235, 1059, 0), nrow=9, ncol=9, byrow=TRUE)
# initiative guess of lat/lon for all 9 cities
X_old <- matrix(rep(0, 18), nrow=2, ncol=9)
X_new <- matrix(1:18, nrow=2, ncol=9)
X_new[,1] <- c(42.3601, 71.0589)
# set steps
step <- 0.001
while (max(abs(X_old - X_new)) >= 0.001){
X_old <- X_new
X_old_copy <- X_old
for (i in 2:9){
deri_vec_temp <- 1
while(max(abs(deri_vec_temp)) >= 0.001) {
# compute derivatives for each city
com_vec <- (X_old_copy[,i] - X_old_copy[,-i])
norm_ij <- sqrt(colSums(com_vec^2))
com_real <- 4 * (norm_ij - distances[i,-i]) / norm_ij
deri_vec_temp <- rowSums(sweep(com_vec, 2, com_real, '*'))
X_old_copy[,i] <- X_old_copy[,i] - step * deri_vec_temp
}
# update the guess
X_new[,i] <- X_old_copy[,i]
}
}
geo_citi <- data.frame(t(X_new))
names(geo_citi) <- c('lat', 'lon')
citi <- c('BOS', 'NYC', 'DC', 'MIA', 'CHI', 'SEA', 'SF', 'LA', 'DEN')
plot(geo_citi$lon, geo_citi$lat, xlab='Longitude', ylab='Latitude', type='n')
text(geo_citi$lon, geo_citi$lat, citi)
bos <- c(42.3601, 71.0589)
nyc <- c(40.7127, 74.0059)
dc <- c(38.9047, 77.0164)
mia <- c(25.7753, 80.2089)
chi <- c(41.8369, 87.6847)
sea <- c(47.6097, 122.3331)
sf <- c(37.7833, 122.4167)
la <- c(34.0500, 118.2500)
den <- c(39.7392, 104.9903)
geo_citi_ans <- data.frame(rbind(bos, nyc, dc, mia, chi, sea, sf, la, den))
names(geo_citi_ans) <- c('lat', 'lon')
plot(geo_citi_ans$lon, geo_citi_ans$lat, xlab='Longitude', ylab='Latitude', type='n')
text(geo_citi_ans$lon, geo_citi_ans$lat, citi)
distan <- mat.or.vec(nr=9, nc=9)
for (i in 1:9){
for (j in 1:9){
distan[i, j] <- sqrt(sum((as.vector(geo_citi[i, ]) - as.vector(geo_citi[j, ]))^2))
}
}
distan
distan - distances
abs(distan - distances)
distances
segments(bos[0], bos[1], nyc[0], nyc[1])
help(segments)
segments(bos[0], bos[1], nyc[0]=bos[0], nyc[1]=bos[1])
x <- stats::runif(12); y <- stats::rnorm(12)
i <- order(x, y); x <- x[i]; y <- y[i]
x
i
x
y
x <- stats::runif(12); y <- stats::rnorm(12)
x
y
order(x, y)
i <- order(x, y)
i <- order(x, y); x <- x[i]; y <- y[i]
plot(x, y, main = "arrows(.) and segments(.)")
## draw arrows from point to point :
s <- seq(length(x)-1)  # one shorter than data
s
arrows(x[s], y[s], x[s+1], y[s+1], col= 1:3)
